E_L <- 
c(33, 33, 35, 48, 45, 34, 44, 28, 45, 45, 45, 44, 39, 46, 49, 40,
41, 44, 50, 50, 49, 44, 49, 46, 50, 40, 48, 49, 50, 44, 39, 51, 48, 43,
49, 49, 47, 44, 47, 48, 48, 39, 31, 50, 46, 50, 49, 49, 47, 50, 44, 51,
46, 40, 51, 53, 46, 45, 54, 52, 49, 53, 50, 49, 52, 52, 51, 51, 44, 53,
50, 51, 53, 53, 53, 51, 45, 54, 46, 44, 48, 40, 48, 53, 47, 53, 50, 52,
53, 55, 55, 53, 53, 50, 44, 56, 53, 52, 55, 56, 57, 55, 54, 51, 55, 44,
48, 50, 56, 50, 49, 47, 51, 46, 46, 54, 54, 53, 54, 54, 52, 53, 55, 53,
50, 51, 50, 52, 52, 53, 52, 51, 48, 51, 55, 54, 55, 57, 54, 54, 56, 56,
55, 54, 53, 50, 54, 56, 58, 58, 60, 57, 19, 30, 43, 40, 36, 9, 39, 21, 45,
33, 38, 41, 40, 32, 36, 36, 28, 45, 39, 45, 48, 41, 41, 38, 42, 39, 33,
41, 43, 42, 40, 21, 35, 40)
E_R <- 
c(34, 34, 36, 49, 46, 35, 45, 29, 46, 46, 46, 45, 40, 47, 50, 41,
42, 45, 51, 51, 50, 45, 50, 47, 51, 41, 49, 50, 51, 45, 40, 52, 49, 44,
50, 50, 48, 45, 48, 49, 49, 40, 32, 51, 47, 51, 50, 50, 48, 51, 45, 52,
47, 41, 52, 54, 47, 46, 55, 53, 50, 54, 51, 50, 53, 53, 52, 52, 45, 54,
51, 52, 54, 54, 54, 52, 46, 55, 47, 45, 49, 41, 49, 54, 48, 54, 51, 53,
54, 56, 56, 54, 54, 51, 45, 57, 54, 53, 56, 57, 58, 56, 55, 52, 56, 45,
49, 51, 57, 51, 50, 48, 52, 47, 47, 55, 55, 54, 55, 55, 53, 54, 56, 54,
51, 52, 51, 53, 53, 54, 53, 52, 49, 52, 56, 55, 56, 58, 55, 55, 57, 57,
56, 55, 54, 51, 55, 57, 59, 59, 61, 58, 20, 31, 44, 41, 37, 10, 40, 22,
46, 34, 39, 42, 41, 33, 37, 37, 29, 46, 40, 46, 49, 42, 42, 39, 43, 40,
34, 42, 44, 43, 41, 22, 36, 41)
S_L <- 
c(41, 40, 38, 49, 45, 47, 44, 50, 45, 49, 47, 50, 50, 50, 50, 40,
47, 49, 50, 50, 49, 44, 50, 47, 51, 50, 51, 51, 50, 51, 51, 51, 51, 51,
51, 51, 49, 51, 47, 51, 51, 46, 41, 51, 51, 51, 49, 53, 52, 52, 52, 52,
52, 52, 53, 53, 52, 47, 54, 52, 51, 54, 50, 52, 53, 53, 55, 53, 53, 53,
53, 53, 53, 53, 54, 53, 45, 54, 50, 50, 50, 50, 54, 53, 52, 54, 54, 55,
53, 55, 55, 53, 53, 55, 55, 57, 54, 58, 55, 56, 57, 56, 54, 55, 55, 52,
48, 53, 58, 51, 53, 53, 53, 53, 53, 55, 55, 54, 56, 56, 56, 55, 55, 55,
53, 53, 55, 54, 54, 55, 53, 52, 54, 56, 55, 57, 55, 58, 57, 57, 60, 60,
59, 60, 58, 59, 54, 57, 58, 60, 60, 58, 26, 33, 48, 46, 41, 30, 44, 30,
48, 36, 41, 48, 43, 39, 40, 39, 35, 48, 43, 49, 49, 48, 47, 49, 49, 49,
48, 41, 53, 46, 45, 31, 42, 47)
S_R <- 
c(42, 41, 39, 50, 50, 48, 45, 51, 46, 50, 48, 51, 51, 51, 51, 41,
48, 50, 51, 51, 50, 52, 51, 52, 52, 51, 52, 52, 51, 52, 52, 52, 52, 53,
53, 53, 53, 53, 53, 53, 53, 47, 42, 52, 52, 52, 50, 54, 53, 53, 53, 53,
53, 53, 54, 54, 53, 53, 55, 53, 54, 55, 55, 53, 54, 54, 56, 55, 55, 55,
55, 54, 54, 54, 55, 54, 55, 55, 51, 51, 55, 56, 55, 56, 56, 56, 55, 56,
54, 56, 56, 54, 54, 56, 56, 58, 55, 59, 57, 58, 58, 57, 55, 56, 56, 53,
49, 54, 59, 52, 54, 54, 54, 54, 54, 56, 56, 55, 57, 57, 57, 56, 56, 56,
54, 54, 56, 55, 55, 56, 54, 53, 55, 57, 56, 58, 56, 59, 58, 58, 61, 61,
60, 61, 60, 61, 61, 60, 59, 61, 61, 59, 27, 34, 49, 47, 42, 31, 45, 31,
49, 37, 42, 49, 44, 40, 41, 40, 36, 49, 44, 50, 54, 49, 48, 50, 50, 50,
49, 42, 54, 47, 46, 32, 43, 48)
N <- 186
